50 0.008621 0.000546
100 0.012717 0.000550
150 0.017587 0.000524
200 0.023264 0.000526
250 0.030109 0.000662
300 0.036497 0.000637
350 0.042333 0.000666
400 0.048383 0.000560
450 0.054870 0.000579
500 0.060654 0.000693
550 0.068175 0.000557
600 0.075056 0.000569
650 0.079746 0.000549
700 0.087070 0.000554
750 0.093841 0.000588
800 0.097982 0.000578
850 0.105319 0.000563
900 0.112725 0.000653
950 0.117287 0.000583
1000 0.123864 0.000580
1050 0.130901 0.000586
1100 0.135115 0.000588
1150 0.143201 0.000609
1200 0.149341 0.000584
1250 0.155609 0.000583
1300 0.161676 0.000588
1350 0.167592 0.000582
1400 0.174098 0.000585
1450 0.180093 0.000584
1500 0.186564 0.000584
1550 0.192531 0.000584
1600 0.198088 0.000586
1650 0.202120 0.000582
1700 0.208106 0.000586
1750 0.213457 0.000584
1800 0.222822 0.000584
1850 0.228994 0.000584
1900 0.231659 0.000585
1950 0.237979 0.000580
2000 0.246873 0.000583
2050 0.253984 0.000583
2100 0.258405 0.000578
2150 0.264514 0.000579
2200 0.271101 0.000581
2250 0.274531 0.000584
2300 0.281483 0.000586
2350 0.286342 0.000583
2400 0.292572 0.000585
2450 0.301019 0.000584
2500 0.305220 0.000584
2550 0.311679 0.000599
2600 0.326787 0.000581
2650 0.330678 0.000599
2700 0.329808 0.000581
2750 0.335635 0.000585
2800 0.341110 0.000582
2850 0.346955 0.000585
2900 0.357161 0.000583
2950 0.364567 0.000581
3000 0.370997 0.000583
3050 0.377587 0.000591
3100 0.387766 0.000585
3150 0.391764 0.000583
3200 0.398342 0.000600
3250 0.404898 0.000585
3300 0.411694 0.000582
3350 0.419326 0.000593
3400 0.423361 0.000581
3450 0.429323 0.000582
3500 0.435133 0.000583
3550 0.441796 0.000583
3600 0.447639 0.000583
3650 0.457143 0.000584
3700 0.462698 0.000579
3750 0.468355 0.000585
3800 0.477109 0.000585
3850 0.481907 0.000583
3900 0.487585 0.000583
3950 0.493523 0.000581
4000 0.500134 0.000583
4050 0.506099 0.000591
4100 0.511986 0.000583
4150 0.518010 0.000583
4200 0.518223 0.000580
4250 0.524809 0.000584
4300 0.530570 0.000587
4350 0.536196 0.000583
4400 0.542779 0.000586
4450 0.548759 0.000584
4500 0.554467 0.000583
4550 0.565049 0.000583
4600 0.570463 0.000583
4650 0.570021 0.000587
4700 0.576668 0.000581
4750 0.584436 0.000583
4800 0.593283 0.000583
4850 0.598607 0.000583
4900 0.603731 0.000582
4950 0.610227 0.000583
5000 0.616465 0.000583
5050 0.622125 0.000582
5100 0.628188 0.000583
5150 0.635360 0.000583
5200 0.645346 0.000584
5250 0.651619 0.000583
5300 0.655823 0.000583
5350 0.662100 0.000586
5400 0.671515 0.000583
5450 0.678292 0.000583
5500 0.685434 0.000586
5550 0.691976 0.000588
5600 0.698485 0.000583
5650 0.693799 0.000587
5700 0.701051 0.000585
5750 0.707251 0.000585
5800 0.712166 0.000583
5850 0.720152 0.000584
5900 0.724551 0.000584
5950 0.733105 0.000587
6000 0.744624 0.000585
6050 0.747489 0.000585
6100 0.746410 0.000584
6150 0.753905 0.000588
6200 0.759440 0.000583
6250 0.767114 0.000581
6300 0.772958 0.000582
6350 0.775943 0.000585
6400 0.785915 0.000583
6450 0.791977 0.000586
6500 0.797201 0.000583
6550 0.804394 0.000583
6600 0.809479 0.000584
6650 0.823752 0.000584
6700 0.820362 0.000587
6750 0.825356 0.000582
6800 0.831251 0.000581
6850 0.838628 0.000582
6900 0.843861 0.000584
6950 0.849429 0.000581
7000 0.855602 0.000582
7050 0.862681 0.000590
7100 0.870465 0.000583
7150 0.875552 0.000585
7200 0.881526 0.000604
7250 0.890526 0.000585
7300 0.893208 0.000583
7350 0.899650 0.000594
7400 0.905999 0.000582
7450 0.917481 0.000583
7500 0.917314 0.000586
7550 0.924323 0.000598
7600 0.929095 0.000581
7650 0.934876 0.000582
7700 0.941885 0.000587
7750 0.946953 0.000583
7800 0.964087 0.000584
7850 0.975358 0.000583
7900 0.982073 0.000581
7950 0.978160 0.000584
8000 0.989779 0.000589
8050 0.982937 0.000583
8100 0.999308 0.000588
8150 1.013659 0.000581
8200 1.018821 0.000584
8250 1.024969 0.000586
8300 1.030885 0.000584
8350 1.037396 0.000584
8400 1.043478 0.000584
8450 1.050457 0.000583
8500 1.056272 0.000590
8550 1.053203 0.000584
8600 1.049930 0.000582
8650 1.067087 0.000584
8700 1.133494 0.000579
8750 1.114593 0.000586
8800 1.090018 0.000585
8850 1.083022 0.000584
8900 1.087919 0.000590
8950 1.109737 0.000582
9000 1.107995 0.000584
9050 1.125326 0.000595
9100 1.130484 0.000583
9150 1.134773 0.000600
9200 1.130727 0.000583
9250 1.135124 0.000583
9300 1.154623 0.000584
9350 1.155786 0.000583
9400 1.163046 0.000584
9450 1.169142 0.000583
9500 1.176206 0.000585
9550 1.182546 0.000587
9600 1.188099 0.000585
9650 1.194578 0.000583
9700 1.200761 0.000589
9750 1.209871 0.000585
9800 1.213790 0.000584
9850 1.231955 0.000584
9900 1.215626 0.000583
9950 1.220947 0.000583
10000 1.271073 0.000583
